1010000000000000
0100000000000010
1010000000000010
0000000000000100
1100010000010110
1010000000000100
1000000000000100
1100010000000001
111110000001000000
1000000000000100
1100010000000010
111110000001001000
1000000000000100
1100010000000011
111110000001001110
1000000000000100
1100010000000100
111110000001010100
1000000000000100
1100010000000101
111110000001000000
1000000000000100
1100010000000110
111110000001010110
1000000000000100
1100010000000111
111110000001100010
000110000001110010
0000000000000100
0010010000010101
0000000000000110
000110000001110010
0000000000000101
0010010000000010
0000000000000111
000110000001110010
1000010000000000
1010000000000000
000110000001110010
1000010000000000
1010000000000000
000110000001110010
000110000001110010
1001010001000000
1100010001000000
111110000001100000
1001010001000000
000110000001110010
000110000000111000
1000000000000000
1100010001000000
111110000000111000
1000000000000000
1011010001000001
1000010001000000
1010000000000000
000110000001110010
1000010000000000
0000000000000110
1000000000000000
0000000000000011
